1313
1314
1315
1316
1379
1380
1488
1489
1490
1491
1492
1493
1494
1495
1496
1497
1500
1501
1502
1503
1504
1505
1506
1507
1508
1509
1510
1511
1515
1516
1517
1518
1519
1520
1521
1522
1523
1524
1525
1526
1527
1528
1529
1530
1531
1532
1533
1534
1578
1579
1668
1669
1670
1671
1778
1780
1785
1787
1881
1882
1883
1884
1885
1886
2204
2205
2206
2207
2208
2209
2210
2211
2212
2213
2214
2215
2216
2217
2218
2219
2220
2221
2222
2223
2224
2225
2226
2227
2228
2229
2230
2231
2232
2233
2234
2235
2236
2237
2238
2239
2240
2241
2242
2243
2244
2245
2246
2247
2248
2249
2250
2251
2252
2253
2254
2255
2256
2257
2258
2259
2260
2261
2262
2263
2264
2265
2266
2267
2298
2299
2300
2301
2302
2303
2304
2305
2306
2307
2308
2309
2310
2311
2312
2313
2314
2315
2316
2317
2318
2319
2320
2321
2379
2380
2450
2451
2452
2453
2454
2455
2456
2457
2458
2459
2460
2461
2462
2463
2464
2465
2466
2467
2468
2469
2470
2471
2472
2473
2474
2475
2476
2477
2478
2479
2480
2481
2482
2483
2484
2485
2486
2487
2488
2489
2490
2491
2492
2493
2494
2495
2496
2497
2498
2499
2500
2501
2502
2503
2504
2505
2506
2507
2508
2509
2510
2511
2512
2513
2514
2515
2517
2518
2523
2525
2540
2541
2542
2543
2580
2581
2614
2615
2616
2617
2618
2619
2620
2621
2622
2623
2624
2625
2626
2627
2628
2629
2630
2631
2632
2633
2634
2635
2661
2662
2663
2664
2665
2666
6011
5598
6202
5931
3131
3132
6012
3145
3146
5528
4928
6204
5175
5176
5177
5251
5464
6205
5531
5668
3192
3193
3194
3195
3798
3799
3721
3723
5178
5179
5236
5237
5238
5764
5533
3257
3258
3259
3260
3265
3266
5250
5396
5534
5792
5329
4790
4791
4953
4954
5303
5608
6097
5793
3336
3337
3338
3339
3366
5186
5187
5252
5253
5610
3380
3381
3382
3383
5338
3369
3443
3603
3604
3605
4903
5667
3446
3447
5459
6375
5613
5832
5204
6021
4943
3504
3505
3506
3507
4193
4194
4195
4196
4393
4394
4395
4396
5500
5337
5616
5546
5207
5222
5223
3544
3545
3546
3547
3552
3553
3554
3555
3524
3525
4908
4909
4922
5422
5914
5617
5618
4900
4901
4902
5342
3624
3625
6022
5619
4868
4869
4870
4871
5167
3664
3665
3666
3667
3668
3669
5168
4941
5274
5275
5276
5553
5499
5712
5620
5554
3741
3742
3743
3744
5180
5181
4923
4924
4925
4921
4942
4952
5281
5282
6874
5843
6024
5621
5622
5556
3779
3780
3781
3782
3785
3786
5184
3722
3724
4712
4788
4789
5185
5288
5289
3818
3819
3820
3821
5559
5436
5348
5463
5623
5873
5190
5191
3482
3483
3484
3485
5511
3920
3921
5192
5193
6178
6028
4671
4672
4711
3978
3979
3980
3981
5195
5196
5227
5228
6179
4018
4019
5626
4915
4920
4929
4930
3367
3368
3642
3602
5783
4159
4160
4161
4162
4187
4188
5445
5627
5347
5851
4931
3442
5801
4211
4212
4213
4214
4221
4222
4223
4224
4233
4234
4910
4911
5410
5925
6106
5666
5220
5221
5225
5226
5171
4912
4913
4914
5929
5532
5539
5172
5277
6109
5524
5684
6260
5280
5864
6110
6261
5273
5542
3643
3797
5935
6111
5330
6138
6098
6172
5652
5381
5810
5510
6046
5544
4810
4811
4812
4813
4834
4835
4949
4950
4951
3112
3113
3115
3116
5943
3143
3144
5852
3174
3175
3176
3177
3178
3179
3180
3181
3182
3183
3184
3185
6113
6391
3141
3142
3186
3187
3188
3189
3190
3191
5558
4872
4873
4874
4875
4876
4877
4878
4879
4880
4881
4882
4883
4884
4885
4886
4887
4888
4889
3251
3252
3253
3254
3255
3256
5318
6248
6177
3372
3373
3374
3375
3376
3377
3378
3379
5669
5673
3444
3445
5501
6337
5672
3486
3487
3488
3489
3490
3491
3492
3493
3494
3495
3496
3497
3498
3499
3500
3501
3502
3503
5345
3528
3529
3530
3531
3532
3533
3534
3535
3536
3537
3538
3539
3540
3541
3542
3543
3526
3527
5674
3606
3607
3608
3609
3610
3611
3612
3613
3614
3615
3616
3617
3618
3619
3620
3621
3622
3623
5880
6058
3646
3647
3648
3649
3650
3651
3652
3653
3654
3655
3656
3657
3658
3659
3660
3661
3662
3663
5407
5304
6311
6007
3725
3726
3727
3728
3729
3730
3731
3732
3733
3734
3735
3736
3764
3765
3769
3770
3771
3772
6124
3800
3801
3802
3803
3804
3805
5310
5312
3806
3807
3808
3809
3810
3811
3812
3813
3814
3815
3816
3817
3644
3645
3918
3919
5671
3916
3917
3960
3961
3962
3963
3964
3965
3966
3967
3968
3969
3970
3971
3972
3973
3974
3975
3976
3977
5599
4002
4003
4004
4005
4006
4007
4008
4009
4010
4011
4012
4013
4014
4015
4016
4017
4000
4001
4155
4156
4157
4158
5523
4197
4198
4199
4200
4201
4202
4203
4204
4205
4206
4207
4208
4209
4210
6170
4153
4154
4397
4398
4399
4400
4401
4402
4403
4404
4405
4406
4407
4408
5709
6005
5713
4673
4674
4675
4676
4677
4678
4714
4715
4716
4717
4792
4793
4794
4795
4796
4797
4798
4799
4800
4801
4802
4803
4804
4805
4806
4807
5309
4808
4809
4830
4831
4832
4833
6313
5883
5609
5759
5343
5390
5391
5249
5447
5514
5515
5614
5967
6140
5720
5721
6251
5397
5400
5401
5188
5189
5206
5344
5346
5278
5279
5286
5287
5290
5291
5504
5505
6285
4916
4917
4918
4919
5632
5633
5634
5635
3110
3111
3760
3761
3762
3763
3796
5169
5170
5174
5235
5404
5405
5406
5403
5311
5313
5314
5319
5991
5525
5526
5527
5694
4892
4893
4894
4895
5695
5696
6209
5349
3170
3171
3172
3173
5208
5293
5294
5299
5300
7314
5498
5875
5903
5461
5462
6013
5711
5761
6014
5543
5545
5643
5644
5645
6211
6210
5205
5209
5210
5211
5212
5213
5214
5215
5216
5217
5298
5395
5411
5402
5437
5453
5454
5455
6026
4904
4905
4906
4907
5254
5829
5704
6212
3522
3523
3956
3957
3958
3959
4828
4829
6286
5297
5301
5302
5320
5321
6320
6716
6502
6015
6016
6017
6223
6224
6003
6222
4936
4937
4938
4939
4940
5842
5791
5200
3996
3997
3998
3999
5201
5202
5203
5218
5219
5788
5844
5845
5905
5906
5907
6176
6314
6590
6018
5468
5469
5470
5471
6019
5442
5443
5794
6217
5797
5798
5547
5548
5549
5550
5555
5557
5676
5677
5394
5421
5398
5399
5361
5362
5460
5452
6969
6727
5601
5602
5763
6255
6256
6031
6062
6081
6084
6088
6403
6404
5867
5869
5878
5879
5863
5865
5866
5854
5714
5800
5586
5374
5408
5409
5458
5430
5380
5382
5383
5446
5512
5513
6045
5868
5870
6047
5855
7237
6408
5781
5647
5654
5655
5656
5657
5953
5428
5429
5375
5376
5377
5426
5427
7094
5444
5502
5503
6508
5440
5441
6321
6316
6888
5593
5591
7240
5876
6229
5722
5782
5710
5760
5762
5923
5924
5926
5927
5928
5930
6410
6411
6412
6381
6366
6513
6157
6159
5936
5937
5938
5939
5884
5941
5693
6413
5611
5540
5561
5562
5678
5679
5681
5682
5683
5582
5583
5584
5585
5587
5588
6731
6326
6327
5603
5604
6515
6063
6064
5881
5882
6417
6203
6206
6249
5784
5799
5802
5942
5944
6001
6002
6604
6605
6735
6736
6333
6264
6516
5612
5615
5541
5628
5629
5630
5631
6213
6214
6103
6104
5955
5956
5957
5958
5959
6105
6059
5833
5834
5835
5836
5830
5831
5960
5961
6060
6107
6108
6334
6335
6336
6887
6114
5877
5853
5874
5715
5934
5950
5951
5952
5786
5636
5637
5638
5639
5640
5641
5560
5642
5646
5589
6257
6258
7103
6681
6329
6330
6237
6523
6125
6038
5856
5857
5858
6126
5859
5860
5861
5862
6085
6123
5805
5806
5807
5808
5803
5804
6168
5787
5789
5790
5809
5818
5819
5820
5954
5962
5963
5992
5993
5994
5995
5996
6683
6684
6332
6340
5728
5729
5730
5731
5727
5732
5886
5964
5965
5966
5871
5872
5976
5977
5978
5894
5895
6004
6128
6129
6130
6131
6147
6148
6276
6277
7109
7110
6344
6345
6346
6242
5746
5747
5748
5749
7452
6886
6423
6424
6425
6020
6023
6025
6137
6139
6141
6142
6143
5932
5900
5901
5902
5933
6061
5904
6677
6678
6259
7556
6144
6145
6189
6534
6027
6029
6030
6033
6034
6035
6036
6037
6039
6040
6218
6219
6220
6236
6245
6246
6247
6426
6427
6032
5986
5987
5988
5989
5990
5998
5999
6000
7119
6679
6299
6300
6680
6042
6043
5723
5724
5725
5726
5708
5785
5700
5701
5702
5703
6044
6053
6054
6055
5885
6056
6057
5705
5706
5707
6215
6216
6226
6227
6228
6112
6221
6158
5983
5984
5985
7121
7122
6872
6230
7054
7622
6965
6352
6353
6117
6118
6070
6149
6150
6169
5975
6445
6446
5981
6006
5892
5893
5979
5980
5897
5918
5910
5911
5912
5913
5915
6542
6756
6243
5736
5737
5738
5739
6244
6301
6302
6303
6312
6689
6690
5740
5741
5733
6082
6083
6156
6167
6180
6181
6182
6183
6188
6190
7128
7129
6355
6691
6692
6693
6694
6696
7460
6922
6923
6924
6925
6926
6173
6174
6119
6120
6121
6122
6146
6543
6544
6548
7287
6071
6072
6073
6171
6077
6078
6100
6706
5825
5826
6317
6322
6323
6324
6325
7288
6187
6191
6192
6193
6194
6195
6196
6519
6086
6087
6089
5815
5816
5817
6090
6091
6521
6512
6382
6383
6419
6265
6420
6712
6713
7006
7007
7008
7009
7388
7621
7468
6932
6296
6297
6298
6478
6479
6480
6481
6482
6483
6484
6485
6486
7222
6390
6392
6393
6278
6279
7228
6988
6989
6990
6991
6568
6569
6570
6627
6733
6734
7568
6331
7617
6879
7295
6280
6281
6406
6407
6409
6414
6415
6416
6428
7143
6994
6593
6594
6595
6596
6589
6591
6995
6996
7386
6318
6319
6354
6447
6448
6359
6360
7298
6880
6881
6882
6504
6505
6507
6500
6501
6503
7145
7572
6682
6686
6697
6698
6602
6603
6606
6607
6609
6610
6611
6600
6834
6835
6836
6838
6517
6518
6839
6520
6514
6422
6443
6444
7127
6699
6487
6488
6489
6776
6777
6365
6778
6779
7214
6842
6849
6850
6851
6852
6370
6371
6372
6394
6395
6396
6397
6458
6459
6460
6461
6462
6463
6464
6465
6722
7019
7473
6328
6338
6339
6343
6818
6819
6885
6893
6894
6895
6896
6363
6364
6373
6374
7245
6509
6510
6511
6506
6541
6636
6637
6401
6402
6429
6430
7081
7082
7474
6944
6945
6628
6629
6632
6633
6746
7155
6807
7156
7157
7308
6549
6421
6450
6451
6452
6453
6454
6455
6456
6457
7076
7077
7078
7079
7159
7579
6704
6705
6707
6708
6709
6608
6710
6711
6715
7042
7043
7045
7046
7047
7051
7158
6968
7309
7311
6551
6552
6553
6554
6466
6467
6468
6469
6470
6471
6472
6473
7080
7151
7085
7086
7087
7088
6571
6572
6573
6574
6575
6615
6719
6720
6721
7458
7459
7017
7018
6938
6939
6940
6941
7021
7022
7025
7168
6843
6844
6865
6866
6871
7328
7303
7290
7090
6999
7000
7172
6585
6586
6588
6597
6598
6599
6625
7301
6784
6785
6786
6787
6820
6821
6873
6788
6789
6522
6524
6525
6526
6527
7095
7096
6993
6997
6998
7616
7289
6622
6623
6624
6649
6650
6651
6652
6959
6823
6824
6966
6531
6532
6533
6529
6530
6555
6556
6557
6558
7102
7104
7105
6717
6718
6612
6613
6614
6626
7014
6908
6909
6910
6911
6559
6560
6561
6562
6563
6564
7469
6804
6805
6806
7185
7186
6808
6809
6810
6811
6812
6813
7107
7026
6918
6919
6920
6921
6927
6954
6956
6638
6639
6640
6641
6743
6744
6745
6642
6643
6644
6645
6750
6751
6752
6753
6653
6654
6655
6656
6754
6755
6957
6828
6833
7300
7116
7117
7028
7029
7574
7575
6929
6930
6931
6942
6943
6947
6948
6949
6950
7324
7325
6864
7194
7195
7223
7224
7225
7235
7236
7036
7037
7038
7039
6958
6962
6963
6964
6794
6795
6796
6797
6802
6803
6829
6830
6831
6832
6863
7190
7191
6800
6801
6867
6868
7479
7379
6951
6952
6953
6967
7056
7057
6973
6974
6889
6890
6891
6892
6825
6826
6827
6845
6855
6856
6857
6858
6897
6898
7211
7212
7213
7218
7219
7220
7097
7108
7138
7139
7020
7611
7062
7063
7064
7065
7066
7067
7068
7069
7217
7232
7233
7234
7364
7083
7084
7160
7004
7005
7015
7016
7023
7024
7027
7030
7031
7532
7533
7534
7535
7161
7162
7163
7164
7165
7464
7375
7376
7401
7294
7299
7106
7032
7033
7034
7035
7040
7041
7044
7052
7053
7188
7189
7192
6977
6978
6979
6980
6981
6982
7442
7443
7538
7539
7540
7608
7089
7291
7546
7547
7548
7549
7550
7551
7552
7553
7609
7166
7167
7174
7175
7176
7177
7173
7461
7462
7457
7389
7111
7112
7113
7114
7115
7118
7120
7614
7615
7367
7387
7182
7183
7184
7187
7193
7196
7197
7198
7199
7200
7201
7202
7203
7322
7323
7123
7124
7125
7126
7132
7133
7134
7135
7136
7137
7229
7142
7482
7483
7204
7205
7206
7238
7207
7208
7209
7230
7231
7146
7147
7148
7149
7150
7557
7465
7485
7365
7366
7368
7360
7385
7363
7394
7396
7397
7398
7304
7307
7310
7312
7313
7569
7570
7573
7593
7612
7466
7467
7451
7476
7477
7501
7502
7503
7504
7319
7580
7581
7582
7377
7378
7380
7359
7384
7361
7362
7395
7472
7480
7520
7521
7399
7400
7541
7542
7543
7595
7596
7597
7598
7602
7495
7496
7558
7559
7560
7561
7562
7563
7576
7578
7475
7478
7481
7488
7489
7490
7491
7484
7486
7487
7571
7624
7577
7583
7407
7408
7409
7410
7403
7404
7405
7406
7592
7594
7497
7498
7507
7508
7509
7510
7413
7441
7414
7415
7418
7512
7513
7514
7515
7584
7585
7586
7587
7588
7589
7590
7591
7419
7420
7421
7422
7423
7424
7425
7601
7603
7604
7518
7519
7522
7523
7524
7525
7526
7527
7528
7529
7516
7517
7429
7430
7432
7433
